102.678314	25.248740	43	厂口乡政府公交站
102.627610	25.091040	267	郊野公园
102.689291	25.048942	158	昆明体育场
102.705293	25.045460	45	五华区区级机关办公大楼
102.711051	25.035178	1090	桥香园过桥米线(文化街店)
102.696208	25.045411	1701	小西门
102.692067	25.062837	2855	昆明理工大学
102.706476	25.033576	1319	云南省第一人民医院(昆华医院)
102.709412	25.059161	728	云大东二院
102.708215	25.036208	4452	顺城王府井购物中心
102.684773	25.050044	838	昆明体育馆
102.662186	25.065013	535	戛纳小镇
102.647400	25.087097	1386	云南经济管理职业学院
102.674454	25.063748	1740	云南艺术学院
102.657785	25.060112	30	奥霖公寓
102.661022	25.107880	36	轻机厂生活区
102.715589	25.037772	386	昆明中心皇冠假日酒店
102.680372	25.067036	310	学府路公交站
102.711980	25.038486	861	百盛(柏联店)
102.672462	25.090396	4	华联超市(五华区王家桥社区卫生服务中心西北)
102.699163	25.039158	1863	S•MUSE吧
102.663164	25.133409	16	西白沙河生态公园
102.659870	25.074578	693	昆明医学院海源学院
102.715053	25.091281	759	云南师范大学文理学院
102.718150	25.082364	631	云南财经大学图书馆
102.706270	25.045683	818	昆明世茂国际影城
102.730217	25.103661	2291	和谐世纪
102.706844	25.038777	3217	星巴克(昆明顺城广场店)
102.671873	25.046215	402	春城花园酒店
102.653850	25.088319	3443	云南师范大学商学院
102.703710	25.044286	3420	正义坊购物中心
102.698360	25.051535	1937	文林街
102.682251	25.062386	10	昆明面粉厂
102.691051	25.041268	857	昆明大脚氏国际青年旅舍
102.701585	25.036266	28	靖国大厦
102.702454	25.039304	522	云南省博物馆
102.657016	25.053268	22	新知花园
102.711884	25.038251	953	建新园 宝善街
102.650314	25.061849	236	昆明市第十四中学
102.668709	25.054234	497	正大紫都城
102.661896	25.067907	1238	百大国际花园
102.693710	25.044176	1712	昆明医学院第一附属医院
102.669792	25.095764	199	昆明西北部汽车客运站
102.714688	25.042533	5927	金鹰国际购物中心
102.713009	25.044789	1745	百盛(新西南广场店)
102.700171	25.057097	6509	云南大学
102.703480	25.044338	976	云南艺术剧院
102.676453	25.045550	251	大明星欢乐园KTV量贩
102.697570	25.066568	319	中国人民武装警察部队云南总队
102.652530	25.074236	1939	昆明理工大学津桥学院
102.663740	25.074998	12	云南留学人员创业园
102.674579	25.071723	562	百年·明日城市
102.698832	25.034792	230	弥勒寺公交站
102.655066	25.047004	64	幸福时光
102.711845	25.070530	41	江岸小区韵江里(北门)
102.700509	25.050639	819	陆军讲武堂旧址
102.715950	25.078018	5000	云南财经大学(龙泉路)
102.691026	25.050205	414	昆明市第一中学
102.711574	25.069035	25	江岸小区沿江公园
102.729128	25.099647	773	昆明嘉美影城
102.703290	25.058677	1003	云南民族大学
102.709390	25.049275	124	一栋洋楼
102.719370	25.088006	38	云南省高校教师住宅小区
102.695900	25.052030	3695	文化巷
102.714660	25.046620	953	环银国际电影城
102.712690	25.034750	559	昆明市第一人民医院
102.698970	25.046100	1875	温莎KTV量贩(武成店)
102.725014	25.098591	462	伊天园迪拜会所
102.697156	25.037728	243	春城花园—天鸿酒店
102.699176	25.047562	1031	昆明君乐酒店
102.758140	24.982748	675	17.5电影城
102.836696	24.993599	681	昆明消防指挥学校
102.723610	24.980329	209	邦盛水映长岛
102.725970	24.979320	4	海边沟公交站
102.771199	24.986068	1639	世纪城
102.740147	24.964700	406	银海畅园
102.742642	25.012809	4	榕吧茶坊
102.727850	25.025414	2796	昆明锦江大酒店
102.759461	24.947153	3806	新亚洲体育场
102.734105	25.041552	186	昆明碧海云天大酒店
102.740062	25.028657	810	菊花村
102.798027	24.991280	163	昆明学院洋浦校区
102.771266	24.967558	12	金路苑
102.707756	24.956579	14	永胜村公交站
102.720080	25.008870	691	锦苑花园(官南大道)
102.733055	25.013491	4522	昆明国际会展中心
102.767135	24.998502	9	东菊新村
102.764652	24.989891	5	金得轩海鲜美食
102.735352	25.002485	487	中国东方航空云南公司飞行部
102.779820	24.990933	18	昆石高速管理处公交站
102.778800	24.944536	1238	中豪·螺蛳湾国际商贸城
102.730642	25.031363	1582	泰丽国际酒店
102.775555	24.951997	310	昆明新亚洲虹影城
102.765264	24.959303	315	云大附中
102.733955	25.042233	1183	昆明市延安医院
102.855674	25.005712	1925	七彩云南孔雀园
102.756797	25.024056	16	凉亭综合商场
102.722439	25.018777	13836	昆明火车站
102.723845	24.977798	3345	昆明海丽宾雅度假酒店
102.752668	25.005959	128	世纪金源购物中心
102.761205	24.981046	1722	世纪金源购物中心
102.732034	25.020461	77	昆明万达影城
102.735354	25.025273	529	城市理想
102.782343	25.004383	1132	中国人民解放军昆明陆军学院
102.720368	24.988634	1137	玫瑰湾
102.743361	25.009761	16	官渡区第一中学
102.727100	25.026013	224	昆明市第三人民医院
102.777070	25.003680	627	中凰大酒店
102.760099	25.021088	18	昆明东站货运大楼
102.719790	25.031854	380	云南省第三人民医院
102.725726	25.023326	200	东航投资大厦
102.748259	25.017766	133	昆明市官渡区人民医院
102.765990	24.952385	337	新亚洲尼斯酒店
102.740738	25.039314	5	醉陆翁
102.710006	24.960351	5	顺成园
102.768426	24.974602	3157	世纪金源大饭店
102.739518	24.998957	3039	昆明巫家坝机场候机厅
102.708380	24.959048	45	中航云玺大宅
102.740612	25.012502	1459	关上
102.723463	25.009603	3	鸡脚王烧烤
102.900301	25.059848	486	云南司法警官职业学院
102.722852	25.032937	1535	温莎KTV量贩（春城店）
102.762308	24.969798	3265	昆明世纪城
102.798210	24.953612	275	昆明经开区国际汽车城
102.764543	24.991736	6	昆明松骋贸易有限责任公司
102.723496	25.010039	3	福兴小区南门
102.736210	25.042304	96	昆明外国语学校
102.720630	25.009790	60	云南弘旭大酒店
102.795530	24.950960	18	红森建材城
102.742393	25.021735	742	温莎关上店
102.759392	25.016011	3	关车停车场驾驶员餐厅
102.765331	25.012672	23	东三环
102.747579	25.024620	7	百汇商场
102.757639	24.990350	396	12棵橡树庄园小区
102.737741	24.952813	21	昆明市官渡区后所中心学校
102.733726	25.004925	9	日新立交桥
102.772209	25.020481	38	昆明东站
102.763270	24.962228	301	奥宸·橙郡
102.438310	25.129132	19	谷律中学
102.697297	25.021415	719	盛高大城
102.710799	25.006615	706	昆明西山万达广场
102.715656	25.005025	274	北大附中云南实验学校
102.680501	24.991544	437	爱琴海购物公园
102.676740	25.034012	1550	大观楼
102.678325	25.038903	1143	昆明市新闻中心
102.702813	25.032729	42	西南温泉游泳馆
102.686175	25.042643	36	昆明师专附中
102.705930	24.992356	281	金水湖畔温泉会所
102.680426	25.030849	243	温莎KTV量贩（西华店）
102.704385	25.024688	976	中央丽城
102.666540	24.968158	13651	云南民族村
102.683960	25.004774	155	海康温泉花园
102.703081	25.017304	350	永昌小区
102.702075	25.021638	80	昆明市西山区实验中学
102.605208	24.783136	328	海口大桥公交站
102.689214	25.027102	329	船房小区
102.706940	25.032357	1189	云南省昆明市东寺塔步行街
102.701375	25.009357	45	春晓花园
102.628635	25.006740	7	阁楼
102.687930	25.019735	124	昆明滇池中学
102.691691	25.007025	283	大明星欢乐园KTV量贩金牛店
102.700374	25.006698	116	云铜时代年华小区公交站
102.660468	25.045419	1112	西山区政府(兴苑路)
102.699602	25.015472	44	南亚风情园
102.683390	25.004615	288	云南省高级人民法院
102.657724	25.041422	390	沃尔玛(兴苑路店)
102.481829	25.133346	142	卧云山旅游区
102.680044	25.008516	6603	南亚风情第壹城
102.635280	25.044698	24	城市山
102.715600	25.004040	402	佳湖花园
102.698070	24.972760	326	昆明同仁医院(滇池印象国际花园西北)
102.675215	25.044428	2	华光天子庙
102.520500	24.835597	55	云南科技实业有限责任公司依兰商场
102.677220	24.962473	489	大自然风情园
102.671420	24.998644	584	湖畔之梦
102.627528	25.015991	16	江南春赛马场公园
102.644750	25.022618	1409	云安会都
102.677632	25.024175	148	西华山水
102.626594	24.980368	1489	西山森林公园
102.695118	25.027927	52	安宁
102.646139	25.036749	238	老滇缅320傣味餐吧
102.636519	25.030580	2085	昆明西部汽车客运站
102.624710	24.942230	74	西山猫猫箐
102.680070	25.036290	157	昆明大观酒店
102.705661	24.982119	432	大商汇
102.684868	25.003881	40	凯旋咖啡屋
102.680857	25.004655	37	南苑(东门)
102.638520	25.051186	37	云南经贸管理学校
102.712460	24.999235	155	银德·香榭丽园(云南省工商行政管理局南)
102.519255	25.087461	94	团结企业白族休闲园
102.711000	24.993260	16	金枫苑
102.693470	24.992267	58	理想红树湾
102.699960	25.021550	461	五华体育馆
102.686668	25.040976	1138	四十三医院
102.585114	24.800615	467	云南经贸外事职业学院
102.662233	25.036737	167	梁源小区(秀苑路)
102.686022	25.025922	11	凯旋利车市
103.209201	26.190827	63	昆明市东川区第一中学
103.181528	26.075069	314	世纪丽晶大酒店
103.182345	26.086956	129	泰隆国际商务大厦
103.051445	26.012890	112	东川红土地
103.126033	26.192988	7	绿茂中学
102.800886	24.890760	96	呈贡一中
102.780840	24.897700	1149	中国昆明斗南花卉市场
102.809191	24.771865	558	云南财经大学
102.798083	24.886706	44	世纪华联购物广场
102.802360	24.892079	90	呈贡县人民医院
102.847046	24.869116	6109	云南师范大学呈贡校区
102.793524	24.889539	147	呈贡公交站
102.796260	24.824525	88	湿地公园
102.786430	24.918191	14	呈贡小古城小学
102.830291	24.844749	3681	云南艺术学院
102.849756	24.913529	38	昆明中豪新册产业城
102.801163	24.864439	141	云南省呈贡体育训练基地
102.851710	24.854287	5744	昆明理工大学呈贡校区
102.839962	24.927694	36	昆河铁路公司王家营车站
102.824814	24.851820	2187	昆明医科大学西苑
102.807289	24.890976	403	洛龙公园
102.814781	24.872103	9	吴家营收费站
102.864631	24.950733	23	王家营收费站